,col1,col2,col3
20150101,0.43769144574840235,4.376914457484023,43.76914457484023
20150101,0.6940901144686926,6.940901144686926,69.40901144686926
20150101,0.2489810626899268,2.489810626899268,24.89810626899268
20150101,0.30089643372436636,3.008964337243664,30.089643372436637
20150101,0.7789783996077901,7.789783996077901,77.89783996077901
20150101,0.8131652935003091,8.13165293500309,81.3165293500309
20150101,0.9643872248548532,9.643872248548531,96.43872248548531
20150101,0.7428540802315019,7.428540802315019,74.2854080231502
20150101,0.7386724633757656,7.386724633757656,73.86724633757656
20150101,0.7957695517673037,7.957695517673037,79.57695517673037
20150101,0.6946678336902139,6.9466783369021385,69.46678336902139
20150101,0.7783373776822166,7.783373776822166,77.83373776822165
20150101,0.794646076386234,7.94646076386234,79.46460763862339
20150101,0.9866736414155652,9.866736414155653,98.66736414155652
20150101,0.13710814884269873,1.3710814884269873,13.710814884269872
20150101,0.029821768345202226,0.29821768345202226,2.9821768345202226
20150101,0.5309851996342959,5.309851996342959,53.09851996342959
20150101,0.5023035516291872,5.023035516291872,50.23035516291871
20150101,0.17492170717866307,1.7492170717866307,17.49217071786631
20150101,0.3501200345916198,3.5012003459161978,35.012003459161974
20150101,0.39920628840859285,3.9920628840859287,39.92062884085929
20150101,0.7706466358530498,7.706466358530498,77.06466358530498
20150101,0.4953408536493201,4.9534085364932015,49.53408536493201
20150101,0.6500321625240042,6.500321625240042,65.00321625240042
20150101,0.6921149462748739,6.921149462748739,69.2114946274874
20150101,0.3244890252127216,3.244890252127216,32.44890252127216
20150101,0.07775760361748008,0.7775760361748008,7.7757603617480076
20150101,0.07229524266175025,0.7229524266175025,7.229524266175025
20150101,0.17464240477308512,1.7464240477308512,17.46424047730851
20150101,0.9188637247520206,9.188637247520205,91.88637247520207
20150101,0.8447345750005993,8.447345750005994,84.47345750005994
20150101,0.3145136164217164,3.145136164217164,31.451361642171637
20150101,0.5314493700393398,5.314493700393398,53.144937003933975
20150101,0.895084915697423,8.950849156974229,89.5084915697423
20150101,0.3378925118374031,3.378925118374031,33.78925118374031
20150101,0.6896180085298984,6.896180085298984,68.96180085298984
20150101,0.3494650722158582,3.494650722158582,34.94650722158582
20150101,0.10528068287289061,1.052806828728906,10.528068287289061
20150101,0.10483947238186775,1.0483947238186775,10.483947238186776
20150101,0.3412374742356973,3.412374742356973,34.123747423569725
20150101,0.9278032957858601,9.278032957858601,92.780329578586
20150101,0.028650470373400183,0.28650470373400183,2.8650470373400183
20150101,0.29759561371152377,2.9759561371152374,29.759561371152376
20150101,0.9078139354731681,9.07813935473168,90.78139354731681
20150101,0.9701826783687697,9.701826783687697,97.01826783687697
20150101,0.6482409363458737,6.4824093634587365,64.82409363458737
20150101,0.93996645513024,9.3996645513024,93.996645513024
20150101,0.6359169807173324,6.359169807173323,63.59169807173324
20150101,0.8215518547981056,8.215518547981056,82.15518547981056
20150101,0.9088943946227918,9.088943946227918,90.88943946227917
20150101,0.16633570647765716,1.6633570647765716,16.633570647765715
20150101,0.7006465685629305,7.006465685629305,70.06465685629306
20150101,0.07161325751794123,0.7161325751794123,7.161325751794124
20150101,0.8274163385698879,8.274163385698879,82.7416338569888
20150101,0.15150203182547306,1.5150203182547306,15.150203182547306
20150101,0.798681298428832,7.98681298428832,79.86812984288319
20150101,0.49786575143668355,4.9786575143668355,49.78657514366836
20150101,0.5733530447530757,5.733530447530757,57.33530447530757
20150101,0.09566208324832359,0.9566208324832359,9.56620832483236
20150101,0.7394172273949057,7.3941722739490565,73.94172273949057
